10
3712500
0
24
11
30
35
17
8
0
0
0
0
0
0
0
0
0
0
0
217732
8
0
10
0
59
150
178
79
64
0
0
0
0
0
0
0
0
0
0
0
1253660
137
73153
5
94
0
57
84
39
26
0
0
0
0
0
0
0
0
0
0
0
487144
33
92
30
169
23
0
159
58
43
0
0
0
0
0
0
0
0
0
0
0
850680
49
2464659
23
213
66
187
0
142
128
0
0
0
0
0
0
0
0
0
0
0
1161590
116
3551884
14
156
28
77
128
0
37
0
0
0
0
0
0
0
0
0
0
0
1052532
52
200000
13
108
33
63
120
46
0
0
0
0
0
0
0
0
0
0
0
0
785756
59
0
0
0
0
0
0
0
0
0
0
0
0
0
0
0
0
0
0
0
0
0
0
0
0
0
0
0
0
0
0
0
0
0
0
0
0
0
0
0
0
0
0
